Training loss
4.713641412556171
1.327909518033266
1.1626190226525068
1.1041765250265598
1.0677350908517838
1.0409122435376048
1.0177480559796095
0.9995869342237711
0.9864626443013549
0.9736048299819231
0.9626801703125238
0.9544614879414439
0.944564021192491
0.9342328887432814
0.9241032907739282
0.9081135001033545
0.8949876734986901
0.880361583083868
0.8647661358118057
0.8470293935388327
0.8320562848821282
0.8141256617382169
0.7955387337133288
0.7736099008470774
0.7531209867447615
0.728364416398108
0.7061171969398856
0.6870837779715657
0.6663389103487134
0.6387103623710573
0.6218606266193092
0.5947173219174147
0.5744954864494503
0.5490330383181572
0.5303404810838401
0.5043002949096262
0.48947194730862975
0.4669478037394583
0.44586286740377545
0.4283251063898206
0.40894943848252296
0.3900340022519231
0.37433085311204195
0.3579195234924555
0.34488310758024454
0.32962093828246
0.32078235293738544
0.3015176900662482
0.2944587580859661
0.28365835663862526
0.2734492002055049
0.26645264122635126
0.2568894533906132
0.25048879790119827
0.24261220754124224
0.2336865949910134
0.22435539541766047
0.22521932912059128
0.21520847384817898
0.21190862474031746
0.20411536539904773
0.2010841763112694
0.19930632412433624
0.19378740969114006
0.19008635799400508
0.18547380564268678
0.18416020506992936
0.1784946599509567
0.17800051346421242
0.17409242817666382
0.16987807978875935
0.16529892559628934
0.16332170786336064
0.16284929437097162
0.16361380741000175
0.15942813199944794
0.15588824648875743
0.15320619870908558
0.1531357888597995
0.14907289925031364
0.15192439907696098
0.14841331262141466
0.14546914701350033
0.14504392025992274
0.14197139476891607
0.142053188290447
0.13970164593774825
0.13822436123155057
0.13806769507937133
0.13825499708764255
0.13583008258137852
0.1362465174170211
0.13149866135790944
0.13214417197741568
0.13313272793311626
0.1274752264143899
0.13064814917743206
0.12794495397247374
0.13006531540304422
0.1276811712887138

Training accuracy
0.7947676815092564
0.8179481932893395
0.8541837967932224
0.8660824429243803
0.8676500841975212
0.8680098727345467
0.868035570718348
0.8680869666859508
0.8682411601766944
0.8681640625
0.8684467524290085
0.8684724485501647
0.8688579360023141
0.8689350327476859
0.8690892281010747
0.8698858981952071
0.8701685853302479
0.8712222464382648
0.8712222436442971
0.8720189137384295
0.8720703125
0.8730211732909083
0.8737921472638845
0.8749229032546282
0.8760793572291732
0.8764905398711562
0.8779039904475212
0.8791632456704974
0.8797800149768591
0.882555509917438
0.8845086330547929
0.8873098278418183
0.888928865082562
0.8927066205069423
0.8951994236558676
0.8978721238672733
0.9003649223595858
0.9024722436442971
0.9055561274290085
0.9062756970524788
0.9107987266033888
0.9134200233966112
0.9158357279375196
0.9184313351288438
0.9211811274290085
0.9242136068642139
0.9244963005185127
0.9275030866265297
0.9286595359444618
0.9308696547523141
0.9323344957083464
0.9332339596003294
0.9355211751535535
0.9349043937399983
0.9377826908603311
0.9390162406489253
0.9406609814614058
0.9402754930779338
0.9411235619336367
0.9427426010370255
0.9441817421466112
0.9438733533024788
0.9440018506720662
0.9446700243279338
0.9467259459197521
0.9474969180300832
0.9463918600231409
0.9487561676651239
0.9480365961790085
0.9493215447291732
0.949578539468348
0.9501953106373549
0.9509919844567776
0.9517115568742156
0.9513003714382648
0.9516858551651239
0.9517372539266944
0.952585325576365
0.9534076908603311
0.9541015606373549
0.952713817358017
0.9534333907067776
0.9539987649768591
0.9541015578433871
0.9551809197291732
0.9546412397176027
0.9554122099652886
0.9550781212747097
0.955052419565618
0.9552837163209915
0.9561060825362802
0.9552323184907436
0.9570826478302479
0.9559261919930577
0.9564144751057029
0.9583675991743803
0.9572368413209915
0.9566971613094211
0.956003287807107
0.9560546837747097

Validation loss
1.5728097409009933
1.3573710396885872
1.3249409645795822
1.3224243149161339
1.3303542286157608
1.3438107669353485
1.349274717271328
1.3688678368926048
1.3774055913090706
1.382861152291298
1.3889969438314438
1.4000803157687187
1.411414459347725
1.4170966148376465
1.412368655204773
1.421088993549347
1.3865335956215858
1.4259023442864418
1.434318020939827
1.4318498596549034
1.4249331653118134
1.4362340047955513
1.4301726445555687
1.4514519572257996
1.4397401213645935
1.4592608734965324
1.470183104276657
1.4737162664532661
1.481951355934143
1.489021822810173
1.4991947934031487
1.4953187108039856
1.5108273923397064
1.5207891017198563
1.5288797691464424
1.5413510128855705
1.548737995326519
1.55426225066185
1.568637065589428
1.5768841803073883
1.5758694037795067
1.5822383165359497
1.5935864001512527
1.6027314886450768
1.618086464703083
1.620125062763691
1.6194178685545921
1.633281946182251
1.6273709163069725
1.6437169015407562
1.6466320753097534
1.6483451500535011
1.6539536640048027
1.6564131006598473
1.6588753387331963
1.6614880710840225
1.6742049232125282
1.6800589859485626
1.6713091433048248
1.6802573055028915
1.6861879378557205
1.6832472831010818
1.6928981244564056
1.6874369755387306
1.7036298215389252
1.6987910121679306
1.698697917163372
1.7069369181990623
1.7055521458387375
1.7067396715283394
1.708556167781353
1.7116505280137062
1.7178020104765892
1.7210484817624092
1.7227037772536278
1.727968506515026
1.727308727800846
1.717454232275486
1.725112996995449
1.7234691381454468
1.7259383276104927
1.7327215000987053
1.728836864233017
1.7449850514531136
1.7347444295883179
1.7361795082688332
1.7479885071516037
1.7416488006711006
1.7362207472324371
1.7466675341129303
1.7490086778998375
1.747204914689064
1.7491397857666016
1.745473600924015
1.7515843585133553
1.7495386227965355
1.7503950372338295
1.7476876080036163
1.7625942155718803
1.7535310089588165

Validation accuracy
0.8163034506142139
0.8337787799537182
0.8689350262284279
0.8689350262284279
0.8689350262284279
0.8689350262284279
0.8689350262284279
0.8689350262284279
0.8691406175494194
0.8689350262284279
0.8696546033024788
0.8698601946234703
0.8705797679722309
0.8706825636327267
0.8705797679722309
0.8708881586790085
0.8717105314135551
0.8716077320277691
0.8720189183950424
0.8719161190092564
0.8719161190092564
0.8725328929722309
0.8725328929722309
0.8715049363672733
0.8702713809907436
0.8721217140555382
0.8708881549537182
0.8700657896697521
0.8710937537252903
0.8706825636327267
0.8707853555679321
0.869551807641983
0.8696546033024788
0.8688322342932224
0.868729442358017
0.8685238510370255
0.8681126609444618
0.8683182559907436
0.8669819049537182
0.867598682641983
0.8668791130185127
0.8671875
0.8673930950462818
0.8670847043395042
0.8662623316049576
0.8667763099074364
0.8672902919352055
0.8643092140555382
0.8655427657067776
0.8650287836790085
0.8647203929722309
0.8644120059907436
0.8656455464661121
0.8660567440092564
0.8658511489629745
0.8662623278796673
0.8645148053765297
0.8653371632099152
0.8651315756142139
0.8635896369814873
0.8647203929722309
0.8654399663209915
0.8649259842932224
0.8660567440092564
0.8661595359444618
0.8657483533024788
0.8646175973117352
0.8631784580647945
0.8646176047623158
0.8638980239629745
0.8650287762284279
0.8660567402839661
0.8642064183950424
0.8637952320277691
0.8654399625957012
0.8637952245771885
0.8657483570277691
0.8644120022654533
0.8654399588704109
0.8650287762284279
0.8654399663209915
0.8644120022654533
0.8630756549537182
0.8644120022654533
0.8649259842932224
0.8642064072191715
0.8640008233487606
0.8644120022654533
0.8635896295309067
0.8637952245771885
0.8641036115586758
0.8633840456604958
0.8644120022654533
0.8632812462747097
0.8642064109444618
0.8644120022654533
0.8643092066049576
0.8652343712747097
0.8626644685864449
0.8638980239629745
