Training loss
4.823890522122383
1.4891155995428562
1.22401537373662
1.14495883975178
1.1021385109052062
1.0738001205027103
1.051779456436634
1.0355148669332266
1.0195925487205386
1.007111169397831
0.9932916285470128
0.9847541581839323
0.9770726468414068
0.9693843340501189
0.9597094561904669
0.9554277500137687
0.9460461027920246
0.9424642445519567
0.9350596563890576
0.928331894800067
0.9201472792774439
0.9158132933080196
0.9077539974823594
0.9024307671934366
0.8918885942548513
0.8868582304567099
0.8771115960553288
0.8712564948946238
0.8608739264309406
0.8532152511179447
0.8415434584021568
0.8358425376936793
0.8260082500055432
0.818267866037786
0.8087305780500174
0.7969032293185592
0.7869688356295228
0.7795077273622155
0.7687525600194931
0.7593131782487035
0.7509611696004868
0.7357781734317541
0.7273078728467226
0.7155034244060516
0.7038811389356852
0.69364476762712
0.6822086395695806
0.6636741608381271
0.6535448404029012
0.6405960572883487
0.6267146924510598
0.6134352190420032
0.5971698933281004
0.5866578770801425
0.5723024769686162
0.5575473955832422
0.5440417909994721
0.5299465535208583
0.514913544524461
0.5011900942772627
0.48912282567471266
0.4764944831840694
0.4632149818353355
0.45328365825116634
0.43792352732270956
0.4299403880722821
0.418141673784703
0.4057471160776913
0.39611926721408963
0.3827599445357919
0.37422811705619097
0.3625301541760564
0.3541000224649906
0.341393668204546
0.3341319360770285
0.32419013883918524
0.3160812840797007
0.30472144903615117
0.2967618766706437
0.29160688119009137
0.28098440216854215
0.2750420805532485
0.2690102111082524
0.2615856225602329
0.2581563023850322
0.24742613662965596
0.24340194673277438
0.24078797036781907
0.23108702152967453
0.22659455379471183
0.22683014208450913
0.21630021068267524
0.21437738230451941
0.20874924841336906
0.2082701639737934
0.20070580346509814
0.19950787420384586
0.19442392024211586
0.19243759685195982
0.18943976145237684

Training accuracy
0.7947419844567776
0.8154810862615705
0.8478104444220662
0.8662623362615705
0.8675215831026435
0.8678813772276044
0.8680098699405789
0.8680098624899983
0.8682411564514041
0.868832235224545
0.8689093301072717
0.8690121304243803
0.8692434215918183
0.8696546051651239
0.869577506557107
0.8699629949405789
0.8701428882777691
0.8698344994336367
0.8698344975709915
0.8701685862615705
0.870194286108017
0.869937296025455
0.8701428864151239
0.8703998802229762
0.8706568703055382
0.8703227788209915
0.8708881568163633
0.871402139775455
0.8712222445756197
0.8717876207083464
0.8721731100231409
0.8723016018047929
0.8728926805779338
0.8727127918973565
0.8732781689614058
0.8738692430779338
0.8739977376535535
0.8740491364151239
0.87548828125
0.8765162406489253
0.8765933411195874
0.8777240952476859
0.8785464679822326
0.8798314146697521
0.8810392701998353
0.8819130370393395
0.8829152965918183
0.8844058346003294
0.8859220817685127
0.8868729434907436
0.8889288660138845
0.8899568254128098
0.8910875804722309
0.8923982307314873
0.8942999606952071
0.8959960946813226
0.8969212593510747
0.8980777096003294
0.9004934187978506
0.9035773044452071
0.9040655829012394
0.9052477376535535
0.9060187097638845
0.9080489296466112
0.9097964623942971
0.9110300140455365
0.9121607737615705
0.9147049747407436
0.9162726132199168
0.9182771388441324
0.9182257382199168
0.919844776391983
0.9211040306836367
0.9230057559907436
0.9236739259213209
0.9255756577476859
0.9264494236558676
0.9286338379606605
0.9291221238672733
0.9288908308371902
0.9332339623942971
0.9321546051651239
0.9321546033024788
0.9340820321813226
0.9350585918873549
0.9371659094467759
0.9371659141033888
0.9368575206026435
0.940378287807107
0.9397615129128098
0.940378287807107
0.9422029219567776
0.9413548540323973
0.9420744236558676
0.942434212192893
0.9440789455547929
0.9442331409081817
0.9455694919452071
0.9447985244914889
0.9452354041859508

Validation loss
1.9085447937250137
1.4089671820402145
1.3524855896830559
1.3503147289156914
1.3549478277564049
1.3604081347584724
1.366567701101303
1.3727964237332344
1.3820155411958694
1.3861929029226303
1.3905107527971268
1.3869764655828476
1.401191160082817
1.4030222669243813
1.4124387204647064
1.4187178015708923
1.415782406926155
1.415346421301365
1.4280019849538803
1.4230311512947083
1.4349710270762444
1.4340385124087334
1.4370627775788307
1.4427730217576027
1.4341555461287498
1.4512295722961426
1.4477554932236671
1.4452731162309647
1.4457011669874191
1.446943312883377
1.453520618379116
1.455083690583706
1.459068663418293
1.4524772837758064
1.468070887029171
1.469874419271946
1.4760154634714127
1.4810742512345314
1.4807119742035866
1.4724116623401642
1.4837782606482506
1.486891657114029
1.487239308655262
1.4898978471755981
1.481998048722744
1.4955957978963852
1.4959162846207619
1.507342480123043
1.5167228654026985
1.5158932730555534
1.5255120620131493
1.524692788720131
1.5343088954687119
1.5380404964089394
1.5433738231658936
1.54929818212986
1.5495704412460327
1.5568202510476112
1.5661393031477928
1.5717260390520096
1.5780483037233353
1.5851667299866676
1.5950242429971695
1.5947712287306786
1.606828473508358
1.610578030347824
1.617687426507473
1.6182691678404808
1.6234867051243782
1.6357980817556381
1.6379989385604858
1.6413322687149048
1.6429975107312202
1.651579573750496
1.6599000990390778
1.6667663753032684
1.669218122959137
1.670106753706932
1.6865258514881134
1.6807001680135727
1.6862477734684944
1.6899492219090462
1.7019999474287033
1.7003857046365738
1.7101659700274467
1.7062336951494217
1.705387718975544
1.724299892783165
1.7143786400556564
1.719128280878067
1.7290586531162262
1.7281333580613136
1.7373012378811836
1.73215302079916
1.7331192716956139
1.7360809668898582
1.7295195013284683
1.7383782789111137
1.7475502341985703
1.750766046345234

Validation accuracy
0.8163034506142139
0.8163034506142139
0.8689350262284279
0.8689350262284279
0.8689350262284279
0.8689350262284279
0.8689350262284279
0.8689350262284279
0.8689350262284279
0.8705797679722309
0.8705797679722309
0.8705797679722309
0.8706825636327267
0.8707853592932224
0.8708881549537182
0.87109375
0.8709909506142139
0.8706825636327267
0.87109375
0.8705797679722309
0.8707853592932224
0.8706825636327267
0.8705797642469406
0.8702713772654533
0.8706825636327267
0.8714021369814873
0.8725328892469406
0.8719161152839661
0.8716077283024788
0.8721217103302479
0.8722245022654533
0.8715049251914024
0.8717105239629745
0.8711965419352055
0.8717105276882648
0.8710937537252903
0.8707853630185127
0.8711965493857861
0.8711965456604958
0.87109375
0.8710937462747097
0.8705797716975212
0.8709909543395042
0.8702713809907436
0.8701685853302479
0.8703741766512394
0.8706825710833073
0.8701685853302479
0.8699629977345467
0.868729442358017
0.8703741803765297
0.8696546033024788
0.869140625
0.869551807641983
0.8700657896697521
0.8680098727345467
0.8675986863672733
0.8688322342932224
0.8669819124042988
0.866056751459837
0.8665707260370255
0.8674958869814873
0.8678042776882648
0.8680098690092564
0.8667763210833073
0.8657483533024788
0.8644120059907436
0.8670847117900848
0.8662623316049576
0.8656455650925636
0.8659539520740509
0.8665707223117352
0.8659539446234703
0.8667763210833073
0.8654399625957012
0.8647203966975212
0.8641036152839661
0.866776317358017
0.8622532859444618
0.8650287874042988
0.8659539446234703
0.8662623316049576
0.8622532859444618
0.865234375
0.8623560816049576
0.8634868375957012
0.8645147979259491
0.8634868413209915
0.8644120059907436
0.8638980314135551
0.8626644685864449
0.8628700636327267
0.8633840493857861
0.8634868487715721
0.8646176010370255
0.8622532822191715
0.8640008233487606
0.8648231960833073
0.8625616803765297
0.8650287725031376
