Training loss
1.1771057032165118
0.9871149412938394
0.9350490228971466
0.8904668951872736
0.8484108196571469
0.806626008648891
0.7663186634890735
0.7300000020768493
0.6980921100475825
0.6711775777803268
0.6501263935351744
0.6308236891345587
0.616070795309497
0.6013669047970325
0.5892393356771208
0.5810912440356333
0.5714141140051652
0.565952362754615
0.5571363071212545
0.5518374708481133
0.5470092205505352
0.5418771945114713
0.5360132502100896
0.5311493445769884
0.5284057075914461
0.5231208203476854
0.5211251783475745
0.5175192411697935
0.5145569795859046
0.5115981266717426

Training accuracy
0.883864693401847
0.8892119029769674
0.8903728984878398
0.8912817907403223
0.8921150539536029
0.8929522969992831
0.8942340348730795
0.8956152879982255
0.8968466053484008
0.8981084412080236
0.8989058785955422
0.8998930552625097
0.9006891662138514
0.9017533011501655
0.9025162397301756
0.9031186308711767
0.9036626403103583
0.9040407926077023
0.9044813085347414
0.9048767092754133
0.9052588419872336
0.9056582242483273
0.9062725562253036
0.9066732658538967
0.9068351406021975
0.9072836170089431
0.9071297032642178
0.9076538093504496
0.9079151980695315
0.908120859588962

Validation loss
1.0095180526841432
0.9874720254447311
0.9668377230409533
0.9665560680441558
0.9678857277613133
0.978082567686215
0.9815685974899679
0.9870430054143071
0.9930190476588905
1.0089051122777164
1.0075617770198733
1.01871553552337
1.017907791538164
1.0223126139026135
1.026398130459711
1.0272471783682704
1.038423215970397
1.0503654005005956
1.0487442000303417
1.0555429740343243
1.0633497894741595
1.0429942938499153
1.0608635263051838
1.0624222520273179
1.059466992272064
1.0575551001820713
1.0618957306724042
1.065453969873488
1.0734561795834452
1.0769494445994496

Validation accuracy
0.8918457033578306
0.8933476991951466
0.8937882129102945
0.8939952007494867
0.8945630949456245
0.8944569458253682
0.8940748122986406
0.8942711874842644
0.8941225798334926
0.8936342978850007
0.8935653027147055
0.8938731316011399
0.8935759179294109
0.8933158533181995
0.8933423920534551
0.8936608349904418
0.8933052399661392
0.8933317759074271
0.8929974110797048
0.8932468588463962
0.8927904211450368
0.8928010372910649
0.8927373469341546
0.8924985134508461
0.8925515878945589
0.8930664060171694
0.8919253146741539
0.892816956853494
0.8921694555319846
0.8924348256550729
