Training loss
1.4477881971979514
1.0053496832260862
0.965125295217149
0.9327279123244807
0.9027988385641947
0.8724039330845699
0.8387932702898979
0.8035013608168811
0.7634258155012503
0.7202409551246092
0.6832624244270846
0.6464782757102512
0.6123730147373863
0.5810637163231149
0.5549605346168391
0.5326393945142627
0.510474587965291
0.4930207999423146
0.4752818990382366
0.461651963647455
0.4475140902213752
0.4373808001400903
0.4258263892843388
0.41612844954943284
0.40718623413704336
0.39631829582503997
0.38799108637613244
0.3818787978962064
0.37522992421872914
0.3676649732515216
0.36124209786066785
0.3556390196608845
0.34939329148619436
0.3447316867823247
0.3394431243650615
0.3343817373679485
0.3299030343769118
0.32633905528928153
0.321633359126281
0.3167883366404567
0.311463985563023
0.3091729927691631
0.30503448980743997
0.30170414794702083
0.2988455848826561
0.29305275515071116
0.2911271223274525
0.2904015396779869
0.28468311417964287
0.28347004772513174
0.2800485948973801
0.27646321518113837
0.27440608519827947
0.27156652967096306
0.27002645199536346
0.26736749173142016
0.26404171230387874
0.26281235076021403
0.26056520859128796
0.2592603412922472
0.25669454224407673
0.25550810410641134
0.25171905290335417
0.2508332075085491
0.25049070396926254
0.24621576062054373
0.24635175013099797
0.2436104816151783
0.24147626632475294
0.24129835623898543
0.23921362787950784
0.23594975864398293
0.23761356167960912
0.23561229297774844
0.23339981280150823
0.23144675407093018
0.23077901784563437
0.22899413522100076
0.22843752035987563
0.2276621172495652
0.2250368598033674
0.22489225570461713
0.22286197621724568
0.22163900002487935
0.22106485557742417
0.22154453152325004
0.22047426489007194
0.21754805181990378
0.21698584847035818
0.2174513735808432
0.21413204772397876
0.2134471273748204
0.21297764164046384
0.21324175337213092
0.21163357654586434
0.21004971410729922
0.20970001796376891
0.20758179694530554
0.20861896037240513
0.2073082375136437

Training accuracy
0.8719827406785043
0.8872149924281985
0.8886028780834749
0.889778467360884
0.890670113149099
0.8916015640133992
0.8923711359966546
0.8929496426135302
0.8941783074988052
0.8960465139243752
0.8977395753609017
0.8998413083609194
0.9018183166626841
0.9039598536910489
0.9058545988518745
0.9073937457287684
0.9095299773616716
0.9108409051550552
0.912637461675331
0.913884702604264
0.9151080586016178
0.9162969177123159
0.9175760017242283
0.9184013060294092
0.9192478341283277
0.9205853003077209
0.921577786328271
0.9217263929313049
0.9227241842309013
0.9237856646068394
0.9241837217705324
0.9251337465830147
0.9256724481238052
0.9264340609079227
0.9268029254162684
0.9274238917278126
0.9281775434501469
0.9282889986643568
0.9290399964665994
0.9299422556068748
0.9304544189944863
0.9305897589074448
0.9312133786734194
0.9317653477191925
0.9322801679372787
0.932431427645497
0.9334159516729414
0.9332859186688438
0.9341324507258832
0.9343872050521895
0.934676460805349
0.9352761975023896
0.9358387821121141
0.9358812413411215
0.936189069529064
0.9367835009470582
0.9368896489031613
0.9370647930772975
0.9375106145162135
0.9372372847283259
0.9379697062540799
0.9382218077080324
0.9389807663392276
0.9391081433277577
0.9390789532335475
0.9398511801846325
0.9399732517777011
0.9402704649837688
0.9404031523736194
0.9405782945686951
0.9409471607068554
0.9414407479343936
0.9413637906545773
0.9415123995859176
0.9421121363993734
0.942170517751947
0.9425791882677004
0.9426906427834183
0.9426694132853299
0.9431205438449979
0.9433434535749257
0.9430356225930154
0.9435106370365247
0.9440944519592449
0.944017494795844
0.9440015713917091
0.944136910722591
0.9446941874921322
0.944664997747168
0.944590694271028
0.945182470488362
0.945092243840918
0.9456309437518939
0.9454106886405498
0.9461112659191713
0.9459706206107512
0.9461457638535649
0.946395211853087
0.9462412961293012
0.946490744012408

Validation loss
1.0782810989767313
1.0647419313900173
1.055908152833581
1.0501217003911734
1.0450613899156451
1.0522270714864135
1.0547810499556363
1.0593036813661456
1.0681239129044116
1.0738164400681853
1.082265276927501
1.0900300908833742
1.0976397595368326
1.1112674186006188
1.118991756811738
1.1289921789430082
1.1335147926583886
1.1385597307235003
1.1461381050758064
1.152497551869601
1.1542145651765168
1.1594382002949715
1.1658920850604773
1.1748180510476232
1.17756131850183
1.1857216958887875
1.1863833647221327
1.194562477990985
1.197119828313589
1.2003226848319173
1.2043847236782312
1.215590629260987
1.2211771719157696
1.225164148490876
1.2219059034250677
1.2329112417064607
1.2305924324318767
1.2343299952335656
1.2366107902489603
1.2417741110548377
1.2482209485024214
1.2500224192626774
1.2522652558982372
1.253019379451871
1.259378578979522
1.2682991670444608
1.2661882932297885
1.2702012760564685
1.2739761066623032
1.272143915295601
1.277702935039997
1.278078191448003
1.2849705633707345
1.2874487829394639
1.2879547378979623
1.2914002048783004
1.2935301177203655
1.3011208213865757
1.3007362647913396
1.300897290930152
1.3058237903751433
1.3041013702750206
1.3091778801754117
1.3122013481333852
1.3165683750994503
1.3172923484817147
1.3154950747266412
1.3164832848124206
1.3194425497204065
1.3242774046957493
1.3246801760978997
1.3234258075244725
1.327943805605173
1.327845604158938
1.3281116029247642
1.3365737106651068
1.335560963023454
1.338414266705513
1.3421201747842133
1.3394519067369401
1.3393705757334828
1.343622950837016
1.3454198315739632
1.3515276303514838
1.347439656034112
1.3533177780918777
1.3506411933340132
1.348653373774141
1.351579297799617
1.3567270184867084
1.3575071697123349
1.3565493654459715
1.358850366435945
1.3589580585248768
1.3571755653247237
1.364861927460879
1.3662599683739245
1.3648900855332613
1.3691020421683788
1.3637446775101125

Validation accuracy
0.8841711976565421
0.8855829662643373
0.8868248979561031
0.8882578974589705
0.8893299931660295
0.8897758154198527
0.8892450775019825
0.8892663065344095
0.8898713486269116
0.8896165927872062
0.8892026147805154
0.8892769208177924
0.8892344580963254
0.889043394010514
0.8887143339961767
0.8877165429294109
0.8880986757576466
0.887504247482866
0.8879712969064713
0.8879288421012461
0.887153958901763
0.8872176459990442
0.8871645736508071
0.8867930509150028
0.8871964165009558
0.8870053482241929
0.8866762924008071
0.8862410862930119
0.8860181723721325
0.8859650990925729
0.8857209593988955
0.8860287880524993
0.8849885361269116
0.8856254257261753
0.8849354637786746
0.8859014119952917
0.8855405077338219
0.8848293144255877
0.8854025132022798
0.8858801797032356
0.8854343560524285
0.8850309983827174
0.8843410331755877
0.885413127951324
0.8842561128549278
0.8856148119084537
0.8854555860161781
0.8840332021936774
0.8854662026278675
0.8846382480114698
0.8838527514599264
0.8844896396622062
0.8843304184265435
0.884935462847352
0.8851265301927924
0.8851583753712475
0.8844896387308836
0.8834493886679411
0.8839270542375743
0.8845957876183093
0.8840756607241929
0.8850203794427216
0.8850416098721325
0.8845851751975715
0.8843410313129425
0.8848186992108822
0.8831415609456599
0.8835661490447819
0.8842879584990442
0.88326893793419
0.8831734047271311
0.8841711948625743
0.8844153354875743
0.8845427096821368
0.8835767647251487
0.8834069296717644
0.8828549589961767
0.8837359864264727
0.8839482823386788
0.8839058270677924
0.8837359896861017
0.8832689383998513
0.8841393501497805
0.8832264794036746
0.8832689388655126
0.8825259003788233
0.8830778724513948
0.8837466016411781
0.8828124986030161
0.8829611069522798
0.883799678646028
0.8828868051059544
0.8830460272729397
0.8833856987766922
0.8837572168558836
0.8834493909962475
0.8825471312738955
0.883587381336838
0.8831840185448527
0.8834706153720617
