Training loss
3.3099609687924385
2.9517691545188427
2.9508971124887466
2.9509022906422615
2.9508971497416496
2.951311334967613
2.950897127389908
2.9513113535940647
2.951088286936283
2.950897127389908
2.950897127389908
2.950897127389908
2.950897116214037
2.9508971124887466
2.950897093862295
2.95090589299798
2.9508971124887466
2.9508971124887466
2.9508971087634563
2.950897116214037

Training accuracy
0.7819695684593171
0.8168431343510747
0.8169202310964465
0.8169202283024788
0.8169202310964465
0.8168945321813226
0.8169202292338014
0.8168945284560323
0.8168945340439677
0.8169202310964465
0.8169202283024788
0.8169202310964465
0.8169202273711562
0.8169202329590917
0.8169202310964465
0.8169202338904142
0.8169202329590917
0.8169202292338014
0.8169202264398336
0.8169202348217368

Validation loss
2.9326717108488083
2.934328317642212
2.934328317642212
2.934328317642212
2.934328317642212
2.934328317642212
2.934328317642212
2.934328317642212
2.934328317642212
2.934328317642212
2.934328317642212
2.934328317642212
2.934328317642212
2.934328317642212
2.934328317642212
2.934328317642212
2.934328317642212
2.934328317642212
2.934328317642212
2.934328317642212

Validation accuracy
0.8180509842932224
0.8179481886327267
0.8179481886327267
0.8179481886327267
0.8179481886327267
0.8179481886327267
0.8179481886327267
0.8179481886327267
0.8179481886327267
0.8179481886327267
0.8179481886327267
0.8179481886327267
0.8179481886327267
0.8179481886327267
0.8179481886327267
0.8179481886327267
0.8179481886327267
0.8179481886327267
0.8179481886327267
0.8179481886327267
