Training loss
3.985640348866582
1.3294369541108608
1.1857296647503972
1.126270417124033
1.090483658015728
1.0620540101081133
1.0386167243123055
1.015049358829856
0.9945609560236335
0.9752581091597676
0.9633671520277858
0.9454020950943232
0.9318955615162849
0.9182981038466096
0.8989133723080158
0.8765673842281103
0.8550631012767553
0.8382282163947821
0.8181258616968989
0.7984748966991901
0.7807708149775863
0.75855743419379
0.7402119943872094
0.7232541628181934
0.696316743735224
0.673304351978004
0.6473711496219039
0.6268658675253391
0.603291685692966
0.5725706093944609
0.5496434876695275
0.5289789000526071
0.5104036210104823
0.4883737415075302
0.46755849989131093
0.44592979783192277
0.4281572080217302
0.41440735245123506
0.3953137146309018
0.3854601252824068
0.37136661540716887
0.35808752197772264
0.34649973129853606
0.33483551535755396
0.32056657364591956
0.3105137813836336
0.30314047913998365
0.29418846452608705
0.29249236756004393
0.2854557614773512
0.27576415915973485
0.26527700293809175
0.26345084817148745
0.2560778243932873
0.2502944227308035
0.24698920315131545
0.23849009512923658
0.23548424383625388
0.2335361174773425
0.22172257443889976
0.21885776845738292
0.21590541559271514
0.21055806032381952
0.20887596881948411
0.20811766758561134
0.19911260716617107
0.19695394951850176
0.19600344891659915
0.19033286697231233
0.18861737777478993
0.1843542733695358
0.18277559522539377
0.18048858758993447
0.18448731093667448
0.17957255500368774
0.1728448875946924
0.16953553375788033
0.16777439648285508
0.1647850824519992
0.16617607325315475
0.16108829400036484
0.16167908464558423
0.15789332368876785
0.15575443452689797
0.15783575375098735
0.15135410893708467
0.14958270825445652
0.15283107396680862
0.15234931418672204
0.15022526716347784
0.14501728606410325
0.1454597341362387
0.14069057907909155
0.14461993635632098
0.1400502616306767
0.14087185799144208
0.1380702416645363
0.13653186825104058
0.13558667607139796
0.14011008047964424

Training accuracy
0.7885999179561622
0.8224712181836367
0.863589639775455
0.8675215858966112
0.8679584674537182
0.867984171025455
0.86803556419909
0.8681383635848761
0.8684724476188421
0.8690378246828914
0.8690121294930577
0.8693205155432224
0.8700657915323973
0.8701942842453718
0.8707596603780985
0.8715049317106605
0.8720189146697521
0.8723016027361155
0.8732524681836367
0.8733038613572717
0.8738178433850408
0.8749229041859508
0.8756424728780985
0.8761307606473565
0.8781352788209915
0.8793945303186774
0.880628083832562
0.8826326075941324
0.8844058383256197
0.8881064988672733
0.8905992982909083
0.8925267262384295
0.894762541167438
0.896664266474545
0.9011358935385942
0.903063322417438
0.9051192468032241
0.9065069891512394
0.9095908729359508
0.9114155024290085
0.9125462612137198
0.9143965877592564
0.9171206839382648
0.9183542374521494
0.9205900449305773
0.9218493029475212
0.924059416167438
0.925472860224545
0.9247018890455365
0.9267064109444618
0.9273745883256197
0.9298416916280985
0.9303042748942971
0.9306383626535535
0.9321032064035535
0.9328227760270238
0.9344932148233056
0.9351099897176027
0.9343904191628098
0.937191610224545
0.9377312893047929
0.9382195752114058
0.9397358149290085
0.9391190372407436
0.9400185011327267
0.9408922707661986
0.9422286180779338
0.9421515222638845
0.9435392692685127
0.9435135731473565
0.944721425883472
0.9446186264976859
0.9446957232430577
0.9442331427708268
0.9449784131720662
0.9463918609544635
0.9463661573827267
0.9475997108966112
0.9481650870293379
0.9480879949405789
0.9487818637862802
0.9489103620871902
0.950143919326365
0.9503238117322326
0.9489874597638845
0.9510690802708268
0.9510176824405789
0.9511718787252903
0.9503238098695874
0.9513517683371902
0.9519942440092564
0.9514545649290085
0.9529451075941324
0.9517886489629745
0.9535104865208268
0.9526624204590917
0.9530736040323973
0.9532791925594211
0.9537160815671086
0.9533305941149592

Validation loss
1.5619236007332802
1.3587886169552803
1.3305128663778305
1.33054319024086
1.341876320540905
1.3505356907844543
1.343054659664631
1.3686841055750847
1.3729975149035454
1.376297228038311
1.370710588991642
1.4058451727032661
1.391375407576561
1.4169970750808716
1.4228628426790237
1.439110979437828
1.423656426370144
1.4376377612352371
1.4619240835309029
1.470396302640438
1.4762163609266281
1.4916666746139526
1.4998840764164925
1.5166712254285812
1.518018014729023
1.5292601063847542
1.5474896878004074
1.5631457939743996
1.5680101811885834
1.5795881673693657
1.5832099542021751
1.5904608592391014
1.6019246652722359
1.61469254642725
1.6124627962708473
1.6273450925946236
1.6389824002981186
1.6392617523670197
1.6573253124952316
1.6504689678549767
1.6652391776442528
1.6685265600681305
1.6627494096755981
1.6712079793214798
1.6749078780412674
1.6899627968668938
1.686054177582264
1.6990545094013214
1.6956487223505974
1.700819469988346
1.7053202539682388
1.7128565907478333
1.7035162076354027
1.7211911752820015
1.7198853939771652
1.7129794284701347
1.7309636622667313
1.7304531410336494
1.735751934349537
1.7406620904803276
1.7426470443606377
1.7509245425462723
1.7578183859586716
1.7536315992474556
1.758231833577156
1.7354190945625305
1.7525725066661835
1.7610724866390228
1.7591383457183838
1.7656970098614693
1.7583459168672562
1.7726624011993408
1.770820863544941
1.7874179631471634
1.778107263147831
1.7698144689202309
1.779835306107998
1.778864361345768
1.780910700559616
1.7816511392593384
1.7902112379670143
1.7831715792417526
1.7885946333408356
1.7963379248976707
1.7950190678238869
1.7969103530049324
1.8016691729426384
1.7945625185966492
1.8033215776085854
1.7983098775148392
1.82570631057024
1.79344791918993
1.806666798889637
1.8072080463171005
1.811658427119255
1.7980079129338264
1.7987632155418396
1.80858064442873
1.8080501481890678
1.8084422126412392

Validation accuracy
0.8163034506142139
0.8662623353302479
0.8689350262284279
0.8689350262284279
0.8689350262284279
0.8689350262284279
0.8689350262284279
0.8689350262284279
0.8705797679722309
0.8705797679722309
0.8706825636327267
0.8702713809907436
0.8708881549537182
0.8704769723117352
0.8718133196234703
0.8699629940092564
0.8712993413209915
0.8717105314135551
0.8705797642469406
0.8700657971203327
0.8694490119814873
0.8673930913209915
0.8696545995771885
0.8664679303765297
0.8665707148611546
0.8665707223117352
0.8641036115586758
0.8634868375957012
0.8644120059907436
0.8626644685864449
0.864411998540163
0.8641036152839661
0.8633840456604958
0.8612253256142139
0.8642064109444618
0.8609169386327267
0.8608141466975212
0.8604029603302479
0.8600945770740509
0.8628700636327267
0.8596833869814873
0.8615337163209915
0.8609169386327267
0.8608141429722309
0.8612253293395042
0.8599917776882648
0.8600945733487606
0.8606085553765297
0.8596833907067776
0.8597861863672733
0.8589638210833073
0.8599917739629745
0.8637952283024788
0.8585526347160339
0.8595805987715721
0.8608141466975212
0.8603001646697521
0.8588610254228115
0.8595805987715721
0.8587582260370255
0.8587582260370255
0.8578330650925636
0.857421875
0.8588610142469406
0.8564967103302479
0.8604029640555382
0.8598889820277691
0.8588610291481018
0.859375
0.8577302731573582
0.8600945770740509
0.8578330688178539
0.8597861900925636
0.8570106886327267
0.8577302619814873
0.8588610179722309
0.8587582260370255
0.8590666130185127
0.8586554303765297
0.8584498353302479
0.8572162836790085
0.8599917776882648
0.8591694086790085
0.8595805913209915
0.8600945696234703
0.8588610254228115
0.8601973690092564
0.861328125
0.8595805950462818
0.8586554266512394
0.8560855239629745
0.8613281175494194
0.8587582185864449
0.8594777919352055
0.8582442365586758
0.8599917702376842
0.8605057559907436
0.8583470359444618
0.8571134731173515
0.8585526347160339
