Training loss
1.9187078066170216
1.3122662361711264
1.2306570820510387
1.1727362712845206
1.1359412157908082
1.0636621993035078
1.0012759221717715
0.9739424483850598
0.8907464435324073
0.8320944104343653
0.7704073749482632
0.7106705950573087
0.6683339858427644
0.6388714700005949
0.6018547723069787
0.5807062848471105
0.5855414099059999
0.5717848394997418
0.5531597649678588
0.524136786814779

Training accuracy
0.8292557550594211
0.8635639362037182
0.8653628686442971
0.8656198587268591
0.8661081427708268
0.8669048119336367
0.8681126637384295
0.8677528779953718
0.8710680464282632
0.8728926796466112
0.8763877432793379
0.878597860224545
0.8828638978302479
0.8858963856473565
0.8892886508256197
0.8916786583140492
0.8916529603302479
0.892809416167438
0.8946340456604958
0.8994140652939677

Validation loss
1.3335095793008804
1.3928171321749687
1.3492155708372593
1.3347376585006714
1.4384385123848915
1.3283087015151978
1.3694091364741325
1.3995737135410309
1.474543772637844
1.4641563072800636
1.493424192070961
1.5261790975928307
1.5652038976550102
1.5236673057079315
1.5595191940665245
1.5147534683346748
1.525861606001854
1.5985377952456474
1.610578790307045
1.6107600182294846

Validation accuracy
0.8693462125957012
0.8705797679722309
0.8697573952376842
0.86986019089818
0.8661595359444618
0.8690378181636333
0.867804266512394
0.8687294498085976
0.871504932641983
0.8686266466975212
0.8644120059907436
0.8666735216975212
0.8660567440092564
0.8647203966975212
0.8657483458518982
0.8640008196234703
0.8673930913209915
0.8620476946234703
0.8659539446234703
0.8662623390555382
