Training loss
2.1512098778039217
1.2453486016020179
1.1655055237933993
1.120147231966257
1.0741684334352612
1.0306622106581926
0.9989100573584437
0.963023797608912
0.9120002165436745
0.8597574634477496
0.820130093023181
0.7771879276260734
0.72119165584445
0.6711345110088587
0.6110151568427682
0.5603459705598652
0.5163594032637775
0.4832252040505409
0.45153955137357116
0.4305797964334488

Training accuracy
0.8337787808850408
0.8675215840339661
0.8681383617222309
0.8679841700941324
0.8680355660617352
0.8686780454590917
0.8690635273233056
0.8697831025347114
0.8709652535617352
0.8724557943642139
0.8751284964382648
0.8760536629706621
0.88001131080091
0.8843287425115705
0.8885433813557029
0.8949167327955365
0.89892578125
0.903423105366528
0.9066097876057029
0.9086657045409083

Validation loss
1.3175560235977173
1.312675565481186
1.3539000302553177
1.317270115017891
1.3828486502170563
1.4418633356690407
1.3846134170889854
1.3819142580032349
1.4156861379742622
1.4428321197628975
1.4592983797192574
1.4898306876420975
1.5129444599151611
1.4986015409231186
1.5183349177241325
1.5394570752978325
1.5940371304750443
1.5957346260547638
1.58266931027174
1.6147741675376892

Validation accuracy
0.8689350262284279
0.8689350262284279
0.8705797679722309
0.8704769723117352
0.8707853592932224
0.8708881586790085
0.8700657896697521
0.8694490157067776
0.8684210516512394
0.8670846968889236
0.8646175973117352
0.8666735179722309
0.8684210479259491
0.8651315756142139
0.8668791055679321
0.8615337163209915
0.8614309243857861
0.8661595433950424
0.8684210553765297
0.8626644648611546
