Training loss
2.6146825775504112
1.328189524821937
1.1850114855915308
1.1199116604402661
1.0661867465823889
1.0253788940608501
0.9694617502391338
0.9117374736815691
0.8465838385745883
0.7753007980063558
0.6954115573316813
0.6228895816020668
0.5578463026322424
0.5107783433049917
0.45713264821097255
0.4182317443192005
0.3832562565803528
0.34649263322353363
0.3271327088586986
0.3126757168211043

Training accuracy
0.8195415278896689
0.8678556689992547
0.8679070733487606
0.8685752497985959
0.868755136616528
0.8691663239151239
0.8696546070277691
0.8710423549637198
0.8736379537731409
0.8764134468510747
0.8815789464861155
0.8866673531010747
0.8930407064035535
0.8975380351766944
0.9049393497407436
0.9093338828533888
0.9150647623464465
0.9197676815092564
0.923596833832562
0.9267578106373549

Validation loss
1.6161921843886375
1.3171843066811562
1.308394305408001
1.3016039580106735
1.400133103132248
1.3288732320070267
1.3592341616749763
1.3716307282447815
1.42535250633955
1.4667127057909966
1.4306679889559746
1.4797563180327415
1.4982608258724213
1.515185408294201
1.5119331181049347
1.5337671265006065
1.5327020585536957
1.5450995415449142
1.5703999623656273
1.5868248790502548

Validation accuracy
0.8689350262284279
0.8689350262284279
0.8689350262284279
0.8705797679722309
0.8705797679722309
0.8704769723117352
0.870271373540163
0.8702713847160339
0.8722245059907436
0.8702713772654533
0.8690378293395042
0.8684210442006588
0.8698601946234703
0.8662623316049576
0.8684210479259491
0.8665707260370255
0.8655427619814873
0.8692434243857861
0.8664679266512394
0.8647203966975212
